1,workers,27,3.7688442211055277,7.720628156991498,2017
1,us,101,3.7688442211055277,7.720628156991498,2017
1,work,84,3.7688442211055277,7.720628156991498,2017
1,tax,25,3.7688442211055277,7.720628156991498,2017
1,hard,31,3.7688442211055277,7.720628156991498,2017
1,best,22,3.7688442211055277,7.720628156991498,2017
1,two,21,3.7688442211055277,7.720628156991498,2017
1,world,61,3.7688442211055277,7.720628156991498,2017
1,military,20,3.7688442211055277,7.720628156991498,2017
1,tonight,52,3.7688442211055277,7.720628156991498,2017
1,change,35,3.7688442211055277,7.720628156991498,2017
1,give,31,3.7688442211055277,7.720628156991498,2017
1,lets,58,3.7688442211055277,7.720628156991498,2017
1,college,23,3.7688442211055277,7.720628156991498,2017
1,believe,26,3.7688442211055277,7.720628156991498,2017
1,better,37,3.7688442211055277,7.720628156991498,2017
1,made,27,3.7688442211055277,7.720628156991498,2017
1,today,34,3.7688442211055277,7.720628156991498,2017
1,help,55,3.7688442211055277,7.720628156991498,2017
1,next,31,3.7688442211055277,7.720628156991498,2017
1,take,24,3.7688442211055277,7.720628156991498,2017
1,way,30,3.7688442211055277,7.720628156991498,2017
1,lead,21,3.7688442211055277,7.720628156991498,2017
3,congress,15,2.282763532763533,3.309928354894588,2025
3,act,21,2.282763532763533,3.309928354894588,2025
3,lets,16,2.282763532763533,3.309928354894588,2025
3,jobs,43,2.282763532763533,3.309928354894588,2025
3,every,10,2.282763532763533,3.309928354894588,2025
3,democracy,15,2.282763532763533,3.309928354894588,2025
3,pass,13,2.282763532763533,3.309928354894588,2025
3,know,10,2.282763532763533,3.309928354894588,2025
3,care,14,2.282763532763533,3.309928354894588,2025
3,going,9,2.282763532763533,3.309928354894588,2025
3,together,10,2.282763532763533,3.309928354894588,2025
