2,millions,17,3.2558074447243213,6.2726006150391855,2021
2,citizens,30,3.2558074447243213,6.2726006150391855,2021
2,tax,25,3.2558074447243213,6.2726006150391855,2021
2,never,32,3.2558074447243213,6.2726006150391855,2021
2,every,41,3.2558074447243213,6.2726006150391855,2021
2,seen,16,3.2558074447243213,6.2726006150391855,2021
2,two,19,3.2558074447243213,6.2726006150391855,2021
2,justice,16,3.2558074447243213,6.2726006150391855,2021
2,free,16,3.2558074447243213,6.2726006150391855,2021
2,americas,38,3.2558074447243213,6.2726006150391855,2021
2,million,24,3.2558074447243213,6.2726006150391855,2021
2,going,16,3.2558074447243213,6.2726006150391855,2021
2,new,88,3.2558074447243213,6.2726006150391855,2021
2,life,24,3.2558074447243213,6.2726006150391855,2021
2,family,26,3.2558074447243213,6.2726006150391855,2021
2,together,30,3.2558074447243213,6.2726006150391855,2021
