0,spending,21,4.002045587375804,7.875362506207349,2013
0,world,45,4.002045587375804,7.875362506207349,2013
0,years,78,4.002045587375804,7.875362506207349,2013
0,budget,22,4.002045587375804,7.875362506207349,2013
0,tonight,51,4.002045587375804,7.875362506207349,2013
0,health,42,4.002045587375804,7.875362506207349,2013
0,know,67,4.002045587375804,7.875362506207349,2013
0,time,62,4.002045587375804,7.875362506207349,2013
0,lets,33,4.002045587375804,7.875362506207349,2013
0,give,30,4.002045587375804,7.875362506207349,2013
0,workers,28,4.002045587375804,7.875362506207349,2013
0,another,20,4.002045587375804,7.875362506207349,2013
0,responsibility,26,4.002045587375804,7.875362506207349,2013
0,two,37,4.002045587375804,7.875362506207349,2013
0,care,42,4.002045587375804,7.875362506207349,2013
0,small,29,4.002045587375804,7.875362506207349,2013
0,job,26,4.002045587375804,7.875362506207349,2013
